scanno	logno	kind	range	cal	coil_type	loc	unit	unit_mul	ch_name	coord_frame
1	1	1	1	1	3024	[0.1017 -0.0338 0.0058 0.063838 -0.027533 -0.99757999 0.32844201 0.944511 -0.005022 0.94236398 -0.32732701 0.069338]	112	0	P1	1
2	2	1	1	1	3024	[-1.70000009e-02 -9.71999988e-02 3.97000015e-02 -3.92999995e-04 -3.73100013e-01 -9.27790999e-01 9.90544975e-01 -1.27406001e-01 5.08720018e-02 -1.37187004e-01 -9.18999016e-01 3.69621992e-01]	112	0	P8	1
3	3	1	1	1	3024	[0.0866 -0.0639 0.0056 0.060123 -0.044814 -0.99718499 0.54185098 0.84046 -0.005067 0.83832002 -0.54001999 0.074814]	112	0	TP10	1
4	4	1	1	1	3024	[-0.0358 0.1048 0.075 -0.009056 0.769894 -0.63810802 -0.95550001 -0.194805 -0.22151799 -0.29485199 0.60770601 0.73739803]	112	0	C6	1
5	5	1	1	1	3024	[0.101 0.0044 0.041 0.34744701 0.00806 -0.93766499 0.038459 0.99900001 0.022797 0.93691099 -0.043982 0.34678999]	112	0	TP8	1
6	6	1	1	1	3024	[1.08300000e-01 -1.09999999e-03 6.80000009e-03 5.13920002e-02 -2.33000005e-03 -9.98676002e-01 6.04470000e-02 9.98170972e-01 8.18000000e-04 9.96846974e-01 -6.04089983e-02 5.14389984e-02]	112	0	FC1	1
7	7	1	1	1	3024	[9.99999975e-05 1.09300002e-01 7.71000013e-02 8.36000021e-04 7.61195004e-01 -6.48522973e-01 -9.99755025e-01 -1.37489997e-02 -1.73409991e-02 -2.21170001e-02 6.48379028e-01 7.60996997e-01]	112	0	CP1	1
8	8	1	1	1	3024	[0.0368 0.0752 0.0923 0.02992 0.89700699 -0.44100201 -0.95213097 0.15984499 0.26056999 0.30422401 0.41209501 0.85885102]	112	0	C1	1
9	9	1	1	1	3024	[0.0517 -0.0276 0.0928 0.86073601 0.026619 -0.50835598 0.107377 0.96666902 0.232427 0.49759901 -0.25464299 0.82918799]	112	0	PZ1	1
10	10	1	1	1	3024	[0.063 -0.0906 -0.0276 -0.021421 0.035808 -0.999129 0.80166799 0.59775501 0.004185 0.59738398 -0.80088103 -0.041511]	112	0	C5	1
11	11	1	1	1	3024	[0.0637 -0.0884 0.0062 0.055697 -0.070364 -0.995965 0.80040503 0.599455 0.002463 0.59686202 -0.79731297 0.089707]	112	0	CPZ	1
12	12	1	1	1	3024	[0.017 -0.1098 -0.0618 0.010438 -0.0182 -0.99978 0.98695999 0.160797 0.007441 0.16062599 -0.98681998 0.019642]	112	0	CZ	1
13	13	1	1	1	3024	[3.33000012e-02 -1.03399999e-01 6.30000001e-03 4.04869989e-02 -1.20269001e-01 -9.91914988e-01 9.48844016e-01 3.15746009e-01 4.48000006e-04 3.13140005e-01 -9.41191018e-01 1.26900002e-01]	112	0	C2	1
14	14	1	1	1	3024	[0.0757 -0.0798 -0.062 0.01585 -0.002403 -0.99987102 0.701325 0.71277899 0.009476 0.71266401 -0.70138502 0.012983]	112	0	P4	1
15	15	1	1	1	3024	[0.00000000e+00 -1.08599998e-01 7.00000022e-03 -1.38000003e-04 -1.66506007e-01 -9.86039996e-01 9.99832988e-01 1.80149991e-02 -3.19500011e-03 1.82959996e-02 -9.85876024e-01 1.66476995e-01]	112	0	P2	1
16	16	1	1	1	3024	[-0.0186 -0.0801 0.069 -0.001112 -0.62107098 -0.78375399 0.99283803 -0.094322 0.073321 -0.119463 -0.77805901 0.61672699]	112	0	CP2	1
17	17	1	1	1	3024	[0.0358 0.1048 0.075 0.005445 0.765118 -0.64386702 -0.96274698 0.178106 0.203463 0.27035001 0.61877298 0.73758501]	112	0	O1	1
18	18	1	1	1	3024	[0.0952 -0.0306 0.0392 0.32331201 -0.063363 -0.94416898 0.31203899 0.94908798 0.043176 0.893363 -0.30857599 0.32662299]	112	0	PO3	1
19	19	1	1	1	3024	[0.0525 0.0406 0.0953 0.87617999 -0.017475 -0.48166701 -0.056713 0.98865801 -0.139064 0.47863299 0.14916199 0.86525202]	112	0	FC2	1
20	20	1	1	1	3024	[0.0182 -0.0542 0.0922 -0.069021 -0.84492898 -0.53040701 0.98905301 0.011535 -0.14710701 0.13041399 -0.53475499 0.83488297]	112	0	FC3	1
21	21	1	1	1	3024	[0.1017 -0.0361 -0.0278 -0.022772 0.003649 -0.99973398 0.32902101 0.944314 -0.004068 0.94404799 -0.329025 -0.022705]	112	0	F4	1
22	22	1	1	1	3024	[0.0989 0.0404 0.0413 0.33901301 0.059949 -0.93887001 -0.162761 0.98665702 0.004166 0.92659199 0.151399 0.344246]	112	0	FC4	1
23	23	1	1	1	3024	[0.0781 -0.0629 0.0394 0.25559199 -0.200627 -0.94573897 0.59106898 0.80654198 -0.011286 0.76504201 -0.55611199 0.32473099]	112	0	TP9	1
24	24	1	1	1	3024	[0.101 0.0044 0.041 0.34744701 0.00806 -0.93766499 0.038459 0.99900001 0.022797 0.93691099 -0.043982 0.34678999]	112	0	C4	1
25	25	1	1	1	3024	[0.033 -0.1051 -0.0277 -0.003373 0.018656 -0.99981999 0.94852901 0.31668001 0.002696 0.31667301 -0.948349 -0.018764]	112	0	T9	1
26	26	1	1	1	3024	[0.0488 -0.0994 -0.0621 0.015314 -0.016197 -0.99975199 0.90756398 0.419853 0.007174 0.419633 -0.90744799 0.02113]	112	0	T7	1
27	27	1	1	1	3024	[0.0513 -0.0861 0.0397 0.150809 -0.298179 -0.94252098 0.87870401 0.477254 -0.010419 0.45292899 -0.82662499 0.333985]	112	0	FC5	1
28	28	1	1	1	3024	[0.0861 -0.0661 -0.028 -0.018611 0.009849 -0.99977797 0.562877 0.82653803 -0.002367 0.82633102 -0.562796 -0.020926]	112	0	FT7	1
29	29	1	1	1	3024	[1.68999992e-02 -9.71999988e-02 3.97000015e-02 2.22999995e-04 -3.76264989e-01 -9.26512003e-01 9.89657998e-01 1.32991999e-01 -5.37660010e-02 1.43448994e-01 -9.16917980e-01 3.72402996e-01]	112	0	FT9	1
30	30	1	1	1	3024	[1.08300000e-01 3.00999992e-02 -2.62000002e-02 -1.08600000e-03 5.03499992e-03 -9.99987006e-01 -1.15124002e-01 9.93337989e-01 5.19700022e-03 9.93350983e-01 1.15128003e-01 -4.99000016e-04]	112	0	F5	1
31	31	1	1	1	3024	[0.0699 0.0758 0.0709 0.61426502 0.239096 -0.75200498 -0.42760801 0.901802 -0.062489 0.66321802 0.35994801 0.65618497]	112	0	CP5	1
32	32	1	1	1	3024	[0.1074 0.0329 0.0081 0.063496 0.011518 -0.99791598 -0.130987 0.99137902 0.00311 0.98934901 0.13051701 0.064457]	112	0	C3	1
33	33	1	1	1	3024	[-0.1074 0.0329 0.008 -0.046485 0.007207 -0.99889302 -0.10684 -0.99427402 -0.002235 -0.99318898 0.106618 0.046988]	112	0	T10	1
34	34	1	1	1	3024	[-0.1083 -0.0011 0.0071 -0.081853 -0.011581 -0.99657702 0.076394 -0.99706298 0.005351 -0.99371302 -0.075694 0.082498]	112	0	T8	1
35	35	1	1	1	3024	[-0.0526 0.0406 0.0952 -0.875166 -0.019637 -0.48342401 -0.054975 -0.98867297 0.139654 -0.48069099 0.14879701 0.864173]	112	0	FC6	1
36	36	1	1	1	3024	[1.86000001e-02 -8.02000016e-02 6.88999966e-02 3.33000004e-04 -6.20637000e-01 -7.84098029e-01 9.87187028e-01 1.25336006e-01 -9.87560004e-02 1.59567997e-01 -7.74019003e-01 6.12725973e-01]	112	0	FT8	1
37	37	1	1	1	3024	[-0.0368 0.0753 0.0922 -0.027567 0.89977902 -0.43547499 -0.95213902 -0.156275 -0.262696 -0.30442199 0.40739101 0.861022]	112	0	F6	1
38	38	1	1	1	3024	[-0.0552 -0.0627 0.0707 -0.38906199 -0.50609601 -0.76973897 0.77714002 -0.62898499 0.020761 -0.49466199 -0.59011698 0.63802099]	112	0	FT10	1
39	39	1	1	1	3024	[-0.0951 -0.0524 -0.0623 -0.020305 -0.002355 -0.99979103 0.454162 -0.89089102 -0.007097 -0.890688 -0.454211 0.01916]	112	0	F8	1
40	40	1	1	1	3024	[-0.0513 -0.0861 0.0397 -0.153868 -0.30002901 -0.94143897 0.88204497 -0.471127 0.00602 -0.44534299 -0.82946497 0.33713099]	112	0	F7	1
41	41	1	1	1	3024	[-1.08800001e-01 -3.19999992e-03 -2.84000002e-02 1.78100001e-02 5.61000023e-04 -9.99840975e-01 9.02969986e-02 -9.95913982e-01 9.92999994e-04 -9.95755970e-01 -9.03009996e-02 -1.77880004e-02]	112	0	O2	1
42	42	1	1	1	3024	[-0.0337 0.1274 0.0485 -0.051587 0.46786699 -0.88229197 -0.96042597 -0.26537099 -0.084615 -0.27372301 0.84301198 0.46304101]	112	0	PO4	1
43	43	1	1	1	3024	[-0.1068 -0.0205 -0.0625 -0.012969 0.001906 -0.99991399 0.19004101 -0.981767 -0.004349 -0.98168999 -0.190082 0.012371]	112	0	TP7	1
44	44	1	1	1	3024	[0.0338 0.12729999 0.0486 0.056291 0.471113 -0.88027501 -0.96462601 0.253079 0.073807 0.25755101 0.84498203 0.46869299]	112	0	OZ	1
45	45	1	1	1	3024	[9.99999975e-05 7.75000006e-02 9.66999978e-02 1.97999994e-04 9.17235970e-01 -3.98344994e-01 -9.99994993e-01 1.54299999e-03 2.83599994e-03 3.21500003e-03 3.98342013e-01 9.17231023e-01]	112	0	POZ	1
46	46	1	1	1	3024	[-0.0861 -0.066 -0.0282 0.024216 0.010394 -0.99965298 0.57831001 -0.81579798 0.005522 -0.815458 -0.57824302 -0.025766]	112	0	PZ2	1
47	47	1	1	1	3024	[-0.0636 -0.0884 0.006 -0.064288 -0.08626 -0.994196 0.808263 -0.58881998 -0.001132 -0.58530498 -0.80364501 0.107575]	112	0	PO8	1
48	48	1	1	1	3024	[0.00000000e+00 -1.10600002e-01 -2.74999999e-02 2.80000004e-05 3.42190005e-02 -9.99414027e-01 9.99957979e-01 9.11800005e-03 3.57000012e-04 9.12399963e-03 -9.99373019e-01 -3.42179984e-02]	112	0	FpZ	1
49	49	1	1	1	3024	[-0.1017 -0.0339 0.0056 -0.061879 -0.029276 -0.99765402 0.33184499 -0.94330698 0.007151 -0.94130301 -0.33062401 0.068087]	112	0	F1	1
50	50	1	1	1	3024	[-0.1017 -0.036 -0.0281 0.030243 0.003575 -0.99953598 0.34577599 -0.93829 0.007149 -0.93782902 -0.34583199 -0.029613]	112	0	Fp2	1
51	51	1	1	1	3024	[0.00000000e+00 -1.08599998e-01 7.00000022e-03 -1.38000003e-04 -1.66506007e-01 -9.86039996e-01 9.99832988e-01 1.80149991e-02 -3.19500011e-03 1.82959996e-02 -9.85876024e-01 1.66476995e-01]	112	0	Fp1	1
52	52	1	1	1	3024	[-0.0489 -0.0994 -0.0621 -0.007949 -0.007711 -0.99993902 0.89006501 -0.45582101 -0.003552 -0.45576501 -0.89003801 0.010488]	112	0	AF7	1
53	53	1	1	1	3024	[9.99999975e-05 1.31600007e-01 5.00000007e-02 7.05000013e-04 4.97709990e-01 -8.67343009e-01 -9.99979973e-01 -5.10400021e-03 -3.65200010e-03 -6.24499982e-03 8.67329001e-01 4.97696996e-01]	112	0	FZ	1
54	54	1	1	1	3024	[-0.0181 -0.0542 0.0923 0.06964 -0.84524298 -0.52982497 0.98804897 -0.014737 0.153432 -0.137495 -0.53417802 0.83411598]	112	0	AF3	1
55	55	1	1	1	3024	[0 0.0105 0.1096 0 -0.009435 -0.152764 0.007215 0 -0.021589 0.003160 0.0104865 0.987223]	112	0	CP6	1
56	56	1	1	1	3024	[-3.31000015e-02 -1.05099998e-01 -2.77999993e-02 6.62499992e-03 1.83930006e-02 -9.99809027e-01 9.54585016e-01 -2.97935992e-01 8.39999993e-04 -2.97863990e-01 -9.54407990e-01 -1.95310004e-02]	112	0	P7	1
57	57	1	1	1	3024	[-0.0989 0.0403 0.0413 -0.33888501 0.059099 -0.93897003 -0.16173799 -0.98682702 -0.003724 -0.92682099 0.15060399 0.343979]	112	0	AF8	1
58	58	1	1	1	3024	[-0.0518 -0.0277 0.0927 -0.85965699 0.02501 -0.51025999 0.1095 -0.966524 -0.23203801 -0.49898201 -0.25534701 0.82814002]	112	0	AFZ	1
59	59	1	1	1	3024	[-0.0171 -0.1098 -0.0619 -0.007096 -0.0169 -0.99983197 0.98182201 -0.189766 -0.003725 -0.18967099 -0.98168403 0.01794]	112	0	AF4	1
60	60	1	1	1	3024	[-0.1011 0.0044 0.0408 -0.34447899 0.009085 -0.93875003 0.044682 -0.99866199 -0.026054 -0.93773001 -0.05092 0.34361199]	112	0	F2	1
61	61	1	1	1	3024	[-6.31999969e-02 -9.04999971e-02 -2.77999993e-02 2.51219999e-02 3.61340009e-02 -9.99031007e-01 8.14168990e-01 -5.80627978e-01 -4.75999987e-04 -5.80083013e-01 -8.13368022e-01 -4.40060012e-02]	112	0	P3	1
62	62	1	1	1	3024	[-0.0335 -0.1033 0.0062 -0.044386 -0.141317 -0.98896903 0.96140897 -0.27509499 -0.003843 -0.27151701 -0.950975 0.148074]	112	0	PO7	1
63	63	1	1	1	3024	[-0.1085 0.0302 -0.0266 -0.001781 0.002683 -0.99999499 -0.079066 -0.99686599 -0.002497 -0.99686801 0.079061 0.001988]	112	0	F3	1
64	64	1	1	1	3024	[-0.0758 -0.0797 -0.0621 -0.001764 -0.016903 -0.999856 0.66692299 -0.74503899 0.011375 -0.74512398 -0.666807 0.012587]	112	0	FCZ	1
65	65	3	1	1	0	[0.0 0.0 0.0 1.0 0.0 0.0 0.0 1.0 0.0 0.0 0.0 1.00]	107	0	STIM101	0
